 MC-cycles  Accepted_Steps      Dimensions       Particles      Steplength           alpha          dalpha            beta           dbeta          Energy        Variance            Time
    262144          260652               1               1             0.1             0.1          -8.373               1               0         1.14836         2.00952       0.0271327
    262144          260036               1               1             0.1            0.12        -11.0646               1               0         1.30419         2.60682       0.0249005
    262144          259997               1               1             0.1            0.14        -6.62062               1               0         1.10674         1.52539       0.0259771
    262144          260327               1               1             0.1            0.16        -2.23027               1               0         0.69141        0.500473       0.0255342
    262144          259946               1               1             0.1            0.18          -4.685               1               0        0.798278         1.01946       0.0254662
    262144          259817               1               1             0.1             0.2        -3.54721               1               0        0.782443        0.744913       0.0256001
    262144          260043               1               1             0.1            0.22        -1.66901               1               0        0.597289        0.336472       0.0256823
    262144          259603               1               1             0.1            0.24        -2.80708               1               0        0.670576        0.540083       0.0254778
    262144          259200               1               1             0.1            0.26        -1.56261               1               0        0.681856         0.28502       0.0254685
    262144          259381               1               1             0.1            0.28        -1.09634               1               0        0.596327        0.188132       0.0254597
    262144          259150               1               1             0.1             0.3        -1.00723               1               0         0.59275        0.161157       0.0246465
    262144          259256               1               1             0.1            0.32       -0.970603               1               0        0.562217        0.143261       0.0245735
    262144          258797               1               1             0.1            0.34       -0.750217               1               0        0.569473        0.100829       0.0247172
    262144          258892               1               1             0.1            0.36       -0.553378               1               0        0.538085       0.0666268       0.0245904
    262144          259169               1               1             0.1            0.38       -0.264214               1               0        0.499748        0.027901       0.0245499
    262144          258902               1               1             0.1             0.4       -0.219567               1               0        0.504505        0.019761       0.0246193
    262144          258725               1               1             0.1            0.42       -0.253302               1               0        0.509071        0.018643       0.0246875
    262144          258416               1               1             0.1            0.44       -0.135498               1               0        0.510538      0.00764206       0.0246571
    262144          258588               1               1             0.1            0.46      -0.0759477               1               0        0.501607      0.00291639       0.0246747
    262144          258438               1               1             0.1            0.48      -0.0340698               1               0        0.499956     0.000667768       0.0246754
    262144          258309               1               1             0.1             0.5     4.44089e-16               1               0             0.5               0       0.0246524
    262144          258067               1               1             0.1            0.52       0.0463183               1               0        0.497587     0.000944893       0.0245803
    262144          258375               1               1             0.1            0.54       0.0800492               1               0        0.499531      0.00333005       0.0246074
    262144          258211               1               1             0.1            0.56        0.130904               1               0        0.497715      0.00832548       0.0255418
    262144          258412               1               1             0.1            0.58        0.108575               1               0        0.512372      0.00938086       0.0247169
    262144          258051               1               1             0.1             0.6        0.151645               1               0        0.508932        0.016681       0.0246713
    262144          258103               1               1             0.1            0.62        0.176547               1               0         0.52127        0.023728       0.0247256
    262144          257668               1               1             0.1            0.64        0.247512               1               0         0.49171        0.039503       0.0247077
    262144          257656               1               1             0.1            0.66        0.265983               1               0        0.506432       0.0493664        0.024613
    262144          257652               1               1             0.1            0.68          0.2655               1               0        0.510204       0.0563921       0.0245836
    262144          257889               1               1             0.1             0.7        0.212723               1               0        0.532506       0.0510535       0.0245771
    262144          257695               1               1             0.1            0.72        0.275811               1               0        0.522772       0.0740277       0.0245656
    262144          257247               1               1             0.1            0.74        0.396095               1               0        0.498898        0.117878       0.0246039
    262144          257737               1               1             0.1            0.76        0.259522               1               0        0.554435       0.0850195        0.024619
    262144          257489               1               1             0.1            0.78         0.27505               1               0        0.563215       0.0985778       0.0245886
    262144          257910               1               1             0.1             0.8        0.211962               1               0        0.596722       0.0826651       0.0249745
    262144          257377               1               1             0.1            0.82        0.396641               1               0         0.53554        0.167541       0.0254154
    262144          257368               1               1             0.1            0.84        0.264335               1               0        0.584533        0.120431        0.025509
    262144          257240               1               1             0.1            0.86        0.504761               1               0        0.546401        0.247131       0.0254922
    262144          257461               1               1             0.1            0.88        0.320411               1               0        0.596598        0.168024       0.0255275
    262144          257179               1               1             0.1             0.9        0.327786               1               0        0.591882         0.18356       0.0254517
    262144          257509               1               1             0.1            0.92         0.24388               1               0        0.642641         0.14545       0.0250105
    262144          257222               1               1             0.1            0.94        0.337018               1               0        0.618809        0.213535       0.0248776
    262144          257017               1               1             0.1            0.96        0.344509               1               0        0.613353        0.231372        0.024924
    262144          256842               1               1             0.1            0.98        0.348619               1               0        0.605411        0.247659       0.0258829
    262144          256876               1               1             0.1               1        0.459083               1               0        0.604437        0.344312       0.0248596
    262144          256965               1               1             0.1            1.02        0.473572               1               0        0.608902        0.374311       0.0254425
    262144          256599               1               1             0.1            1.04        0.395164               1               0        0.621098        0.328618       0.0258618
    262144          256374               1               1             0.1            1.06        0.473648               1               0        0.589834        0.413779       0.0255705
    262144          256675               1               1             0.1            1.08        0.324372               1               0        0.662529        0.297255       0.0254962
    262144          256333               1               1             0.1             1.1        0.401825               1               0         0.63429        0.385752       0.0247827
    262144          256317               1               1             0.1            1.12          0.3993               1               0        0.629704        0.401057       0.0249784
    262144          256501               1               1             0.1            1.14        0.421664               1               0        0.679033        0.442578       0.0252184
    262144          256115               1               1             0.1            1.16        0.504859               1               0        0.608595        0.553124       0.0255289
    262144          256525               1               1             0.1            1.18        0.405013               1               0         0.68478        0.462687       0.0255165
    262144          256422               1               1             0.1             1.2        0.445952               1               0        0.706234        0.530683       0.0253936
    262144          256102               1               1             0.1            1.22        0.548258               1               0        0.661514        0.678962       0.0255783
    262144          256577               1               1             0.1            1.24        0.369719               1               0         0.75133        0.476051       0.0253512
    262144          256314               1               1             0.1            1.26        0.447575               1               0        0.724297        0.598676        0.025129
    262144          256306               1               1             0.1            1.28        0.416377               1               0        0.746996        0.578098       0.0246363
    262144          256187               1               1             0.1             1.3         0.38514               1               0         0.76484        0.554602       0.0246387
    262144          256161               1               1             0.1            1.32        0.494871               1               0        0.728842        0.738545       0.0247397
    262144          256203               1               1             0.1            1.34        0.356594               1               0        0.803602        0.551152       0.0253959
    262144          255762               1               1             0.1            1.36         0.47819               1               0        0.728595        0.764912       0.0273052
    262144          256132               1               1             0.1            1.38        0.357817               1               0        0.819293        0.591972       0.0263061
    262144          256256               1               1             0.1             1.4        0.371614               1               0        0.850763         0.63546       0.0258007
    262144          256223               1               1             0.1            1.42         0.35081               1               0         0.85111        0.619671        0.025973
    262144          256006               1               1             0.1            1.44        0.442065               1               0        0.806459        0.806149       0.0258741
    262144          255731               1               1             0.1            1.46        0.475507               1               0        0.781887        0.894714       0.0257208
    262144          255645               1               1             0.1            1.48        0.572953               1               0        0.757607         1.11176       0.0256394
    262144          255776               1               1             0.1             1.5        0.396553               1               0        0.841031        0.793105       0.0256281
    262144          255605               1               1             0.1            1.52        0.546116               1               0        0.786325         1.12522       0.0255006
    262144          255410               1               1             0.1            1.54        0.460589               1               0        0.819665        0.977185        0.025504
    262144          255389               1               1             0.1            1.56        0.516632               1               0        0.829381         1.12812        0.026145
    262144          255444               1               1             0.1            1.58         0.49955               1               0        0.840105         1.12219       0.0266517
    262144          255326               1               1             0.1             1.6        0.520142               1               0        0.816859         1.20153         0.02663
    262144          255209               1               1             0.1            1.62        0.468811               1               0        0.845209         1.11315       0.0270929
    262144          255736               1               1             0.1            1.64        0.473817               1               0         0.91549         1.15593       0.0271941
    262144          255193               1               1             0.1            1.66        0.476862               1               0        0.874944         1.19483       0.0261502
    262144          255838               1               1             0.1            1.68        0.419457               1               0        0.983309         1.07901       0.0260357
    262144          255239               1               1             0.1             1.7         0.50716               1               0        0.888643          1.3389       0.0260929
    262144          255560               1               1             0.1            1.72        0.377066               1               0         1.00669         1.02124       0.0261538
    262144          255202               1               1             0.1            1.74        0.483096               1               0        0.919988         1.34185       0.0261779
    262144          255356               1               1             0.1            1.76        0.451758               1               0        0.957214         1.28643       0.0272421
    262144          255360               1               1             0.1            1.78        0.353953               1               0          1.0303         1.03298        0.026092
    262144          255281               1               1             0.1             1.8        0.467928               1               0         1.02815         1.39911       0.0259115
    262144          255275               1               1             0.1            1.82        0.384425               1               0         1.03774         1.17726        0.026027
    262144          255469               1               1             0.1            1.84        0.362822               1               0         1.10229         1.13766       0.0261683
    262144          255210               1               1             0.1            1.86        0.403341               1               0         1.04838         1.29456       0.0262216
    262144          254813               1               1             0.1            1.88        0.459541               1               0        0.984094         1.50932       0.0260807
    262144          255197               1               1             0.1             1.9        0.414324               1               0          1.1062         1.39213       0.0260048
    262144          255012               1               1             0.1            1.92         0.48821               1               0         1.02088         1.67768       0.0260829
    262144          254702               1               1             0.1            1.94        0.521745               1               0        0.982802          1.8332       0.0259778
    262144          254803               1               1             0.1            1.96        0.547438               1               0         1.03175         1.96618        0.025975
    262144          254468               1               1             0.1            1.98         0.67956               1               0        0.942001         2.49426       0.0260622
    262144          254513               1               1             0.1               2        0.474059               1               0         1.01736         1.77772       0.0259977
    262144          254320               1               1             0.1            2.02        0.556342               1               0        0.995842         2.13101       0.0260575
    262144          254467               1               1             0.1            2.04        0.605966               1               0         1.02936          2.3703       0.0260187
    262144          254711               1               1             0.1            2.06        0.447261               1               0         1.10827         1.78618       0.0261866
    262144          254674               1               1             0.1            2.08        0.455269               1               0         1.11889         1.85586       0.0259626
