 MC-cycles  Accepted_Steps      Dimensions       Particles      Steplength           alpha          dalpha            beta           dbeta          Energy        Variance            Time
    262144          262001               1              10             0.1             0.1        -122.751               1               0         13.0415         29.4601        0.394996
    262144          261926               1              10             0.1            0.12        -81.3438               1               0         11.0406         19.1646        0.398694
    262144          261873               1              10             0.1            0.14        -59.8503               1               0         9.63475         13.7895        0.402862
    262144          261792               1              10             0.1            0.16        -44.6969               1               0         8.65497           10.03         0.39432
    262144          261763               1              10             0.1            0.18        -34.1454               1               0         7.87512         7.43004        0.392381
    262144          261710               1              10             0.1             0.2        -26.4721               1               0          7.2535         5.55913        0.393181
    262144          261576               1              10             0.1            0.22         -21.051               1               0         6.82454         4.24388        0.403141
    262144          261504               1              10             0.1            0.24        -16.4209               1               0          6.3983         3.15939        0.400303
    262144          261463               1              10             0.1            0.26        -13.4669               1               0         6.10828         2.45636        0.390726
    262144          261432               1              10             0.1            0.28        -10.9406               1               0         5.85315          1.8774        0.390815
    262144          261253               1              10             0.1             0.3        -8.73239               1               0         5.65247         1.39718        0.386079
    262144          261223               1              10             0.1            0.32        -7.19227               1               0         5.50648         1.06158        0.386709
    262144          261150               1              10             0.1            0.34        -5.81676               1               0         5.37474        0.781772        0.391516
    262144          260999               1              10             0.1            0.36        -4.64363               1               0         5.27664        0.559094        0.390916
    262144          260892               1              10             0.1            0.38        -3.70751               1               0         5.19521        0.391513        0.399055
    262144          260846               1              10             0.1             0.4        -2.86183               1               0         5.13108        0.257564        0.405728
    262144          260727               1              10             0.1            0.42        -2.09679               1               0         5.07701        0.154324        0.400462
    262144          260663               1              10             0.1            0.44        -1.46082               1               0         5.04124       0.0823904        0.402977
    262144          260524               1              10             0.1            0.46       -0.911392               1               0         5.01868       0.0349974        0.403661
    262144          260407               1              10             0.1            0.48       -0.431262               1               0         5.00525      0.00845274        0.394898
    262144          260295               1              10             0.1             0.5     7.81597e-14               1               0               5               0        0.394609
    262144          260111               1              10             0.1            0.52        0.381886               1               0         5.00263      0.00779047        0.390298
    262144          260098               1              10             0.1            0.54         0.71981               1               0         5.01525       0.0299441         0.39389
    262144          259870               1              10             0.1            0.56         1.02671               1               0          5.0309       0.0652989        0.407391
    262144          259779               1              10             0.1            0.58         1.27994               1               0         5.05569        0.110587        0.396669
    262144          259639               1              10             0.1             0.6         1.53702               1               0         5.08225        0.169072        0.395689
    262144          259612               1              10             0.1            0.62         1.76399               1               0         5.11391         0.23708        0.397625
    262144          259375               1              10             0.1            0.64         1.95836               1               0         5.15412        0.312555        0.398305
    262144          259326               1              10             0.1            0.66         2.14681               1               0         5.19086        0.398447         0.40823
    262144          259115               1              10             0.1            0.68         2.31068               1               0         5.23368        0.490788        0.401953
    262144          259086               1              10             0.1             0.7         2.44121               1               0         5.28404        0.585891        0.409299
    262144          259013               1              10             0.1            0.72         2.61376               1               0          5.3359        0.701532        0.407906
    262144          258812               1              10             0.1            0.74         2.70777               1               0         5.39807        0.805833        0.397252
    262144          258606               1              10             0.1            0.76         2.85752               1               0         5.44813        0.936122        0.395107
    262144          258552               1              10             0.1            0.78         2.98238               1               0         5.49354         1.06889        0.396583
    262144          258375               1              10             0.1             0.8         3.04739               1               0         5.55944         1.18848        0.393784
    262144          258261               1              10             0.1            0.82         3.12872               1               0         5.63159         1.32157         0.40278
    262144          258177               1              10             0.1            0.84         3.23611               1               0          5.6899         1.47437        0.406245
    262144          258009               1              10             0.1            0.86         3.34082               1               0         5.75265         1.63567        0.439759
    262144          257733               1              10             0.1            0.88         3.36863               1               0         5.82225         1.76651        0.424071
    262144          257693               1              10             0.1             0.9         3.44787               1               0         5.87613         1.93081        0.433981
    262144          257429               1              10             0.1            0.92         3.51169               1               0          5.9595         2.09437        0.417577
    262144          257368               1              10             0.1            0.94         3.55226               1               0          6.0423         2.25071        0.404519
    262144          257183               1              10             0.1            0.96         3.62078               1               0         6.11463         2.43171        0.405322
    262144          257019               1              10             0.1            0.98         3.70403               1               0         6.17344         2.63134         0.40566
    262144          256901               1              10             0.1               1         3.76011               1               0         6.25268         2.82009        0.408429
    262144          256632               1              10             0.1            1.02         3.79475               1               0         6.32709         2.99937        0.397511
    262144          256460               1              10             0.1            1.04         3.84503               1               0         6.39791         3.19753        0.395888
    262144          256327               1              10             0.1            1.06         3.84527               1               0         6.48704         3.35923        0.396417
    262144          256263               1              10             0.1            1.08         3.94783               1               0         6.55538         3.61779        0.391935
    262144          256073               1              10             0.1             1.1         3.98595               1               0         6.64243         3.82651        0.398479
    262144          255867               1              10             0.1            1.12         4.01713               1               0         6.72001         4.03481        0.397591
    262144          255578               1              10             0.1            1.14         4.01898               1               0         6.80827         4.21833        0.392792
    262144          255524               1              10             0.1            1.16         4.06626               1               0         6.88444           4.455        0.391306
    262144          255310               1              10             0.1            1.18         4.11459               1               0         6.95838         4.70051        0.415884
    262144          255169               1              10             0.1             1.2         4.18991               1               0         7.03845         4.98599        0.408979
    262144          254923               1              10             0.1            1.22         4.15382               1               0         7.13403         5.14409        0.397251
    262144          254916               1              10             0.1            1.24          4.1766               1               0         7.21582         5.37779         0.40409
    262144          254558               1              10             0.1            1.26         4.19298               1               0         7.29874         5.60853        0.410886
    262144          254622               1              10             0.1            1.28         4.22604               1               0         7.38116         5.86743        0.398626
    262144          254281               1              10             0.1             1.3         4.26657               1               0         7.44677         6.14386        0.399727
    262144          254200               1              10             0.1            1.32         4.30831               1               0         7.53474         6.42972        0.404099
    262144          254016               1              10             0.1            1.34         4.28553               1               0         7.64141         6.62372        0.402199
    262144          253795               1              10             0.1            1.36         4.31753               1               0         7.70998         6.90632        0.405965
    262144          253518               1              10             0.1            1.38         4.36579               1               0         7.79745         7.22276        0.406431
    262144          253366               1              10             0.1             1.4         4.36417               1               0         7.90412         7.46273        0.395129
    262144          253226               1              10             0.1            1.42         4.38099               1               0         7.98704         7.73858        0.411573
    262144          252994               1              10             0.1            1.44          4.4468               1               0         8.05672         8.10918        0.402669
    262144          252806               1              10             0.1            1.46         4.43121               1               0         8.15487         8.33777        0.419826
    262144          252538               1              10             0.1            1.48         4.52031               1               0         8.22334          8.7712        0.404867
    262144          252417               1              10             0.1             1.5         4.44782               1               0         8.33371         8.89564        0.401529
    262144          251993               1              10             0.1            1.52         4.45638               1               0         8.43716         9.18192        0.406941
    262144          252200               1              10             0.1            1.54         4.49174               1               0         8.51682         9.52967        0.408891
    262144          251980               1              10             0.1            1.56         4.49061               1               0         8.60725          9.8057        0.405308
    262144          251695               1              10             0.1            1.58         4.47829               1               0         8.69359           10.06        0.402032
    262144          251586               1              10             0.1             1.6         4.51499               1               0         8.77245         10.4296        0.400506
    262144          251303               1              10             0.1            1.62          4.5536               1               0         8.86997         10.8121        0.407077
    262144          251096               1              10             0.1            1.64          4.5548               1               0         8.95288         11.1119        0.403212
    262144          250772               1              10             0.1            1.66         4.52293               1               0         9.05962         11.3326        0.408007
    262144          250695               1              10             0.1            1.68         4.53038               1               0         9.17085         11.6539        0.407623
    262144          250601               1              10             0.1             1.7         4.58337               1               0         9.23631         12.1001        0.406132
    262144          250304               1              10             0.1            1.72         4.57233               1               0         9.31487         12.3837        0.407463
    262144          249934               1              10             0.1            1.74         4.59015               1               0         9.42106         12.7496        0.411867
    262144          249878               1              10             0.1            1.76          4.5358               1               0         9.52732         12.9162        0.421028
    262144          249798               1              10             0.1            1.78         4.59372               1               0         9.61537         13.4063        0.409126
    262144          249363               1              10             0.1             1.8         4.61129               1               0         9.69922         13.7878        0.396509
    262144          249098               1              10             0.1            1.82         4.60603               1               0         9.78142         14.1055        0.398975
    262144          248930               1              10             0.1            1.84          4.6587               1               0         9.87249         14.6078         0.39404
    262144          248778               1              10             0.1            1.86         4.64929               1               0         9.96799         14.9224        0.394849
    262144          248333               1              10             0.1            1.88         4.60638               1               0         10.0699         15.1292          0.4002
    262144          248294               1              10             0.1             1.9         4.63802               1               0         10.1715         15.5838        0.393747
    262144          248156               1              10             0.1            1.92         4.67262               1               0         10.2543          16.057        0.403571
    262144          248071               1              10             0.1            1.94         4.67571               1               0         10.3276         16.4286        0.394827
    262144          247578               1              10             0.1            1.96         4.67238               1               0         10.4373         16.7813        0.393922
    262144          247548               1              10             0.1            1.98         4.69245               1               0         10.5166         17.2232         0.39566
    262144          247308               1              10             0.1               2         4.70746               1               0          10.623          17.653         0.39581
    262144          247290               1              10             0.1            2.02         4.68824               1               0         10.7135         17.9578        0.397731
    262144          246759               1              10             0.1            2.04         4.71248               1               0         10.8094         18.4334        0.401613
    262144          246593               1              10             0.1            2.06         4.75165               1               0         10.8986         18.9762        0.415573
    262144          246424               1              10             0.1            2.08         4.72595               1               0         10.9908         19.2649         0.41535
