 MC-cycles  Accepted_Steps      Dimensions       Particles      Steplength           alpha          dalpha            beta           dbeta          Energy        Variance            Time
    262144          261910               2              10             0.1             0.1          -244.3               1               0         26.1165          58.632         0.58621
    262144          261775               2              10             0.1            0.12        -164.895               1               0         22.0824         38.8493        0.525063
    262144          261667               2              10             0.1            0.14        -119.009               1               0         19.3585         27.4197        0.555456
    262144          261583               2              10             0.1            0.16        -88.4484               1               0         17.2728         19.8478        0.552471
    262144          261521               2              10             0.1            0.18        -68.7236               1               0         15.7304         14.9543        0.509909
    262144          261412               2              10             0.1             0.2        -52.8262               1               0         14.5744         11.0935        0.508768
    262144          261287               2              10             0.1            0.22        -41.8115               1               0         13.5538         8.42921        0.508447
    262144          261183               2              10             0.1            0.24        -33.4075               1               0         12.8201          6.4276        0.508821
    262144          260975               2              10             0.1            0.26        -27.3871               1               0           12.22          4.9954        0.507882
    262144          260960               2              10             0.1            0.28        -22.1938               1               0         11.7421         3.80846        0.508675
    262144          260802               2              10             0.1             0.3        -17.2429               1               0         11.3119         2.75887        0.508674
    262144          260619               2              10             0.1            0.32        -14.4128               1               0         11.0254         2.12733        0.509841
    262144          260492               2              10             0.1            0.34        -11.5924               1               0         10.7587         1.55802        0.509561
    262144          260428               2              10             0.1            0.36        -9.20385               1               0         10.5405         1.10814        0.509538
    262144          260247               2              10             0.1            0.38         -7.4214               1               0          10.385          0.7837        0.508413
    262144          260095               2              10             0.1             0.4        -5.67199               1               0         10.2528        0.510479        0.511268
    262144          259859               2              10             0.1            0.42        -4.17878               1               0         10.1492        0.307558        0.510761
    262144          259650               2              10             0.1            0.44        -2.91092               1               0         10.0828        0.164176        0.509961
    262144          259572               2              10             0.1            0.46        -1.79133               1               0         10.0328       0.0687872         0.51023
    262144          259395               2              10             0.1            0.48       -0.846461               1               0         10.0068       0.0165906         0.51799
    262144          259261               2              10             0.1             0.5    -5.76961e-12               1               0              10               0        0.516316
    262144          259011               2              10             0.1            0.52        0.756999               1               0          10.008       0.0154428        0.518846
    262144          258875               2              10             0.1            0.54         1.43579               1               0         10.0295        0.059729        0.520878
    262144          258693               2              10             0.1            0.56         2.03782               1               0         10.0651        0.129606        0.541562
    262144          258467               2              10             0.1            0.58         2.56747               1               0         10.1054         0.22183        0.517294
    262144          258323               2              10             0.1             0.6         3.08331               1               0         10.1664        0.339164        0.541922
    262144          258029               2              10             0.1            0.62         3.47238               1               0         10.2347        0.466688        0.538813
    262144          258100               2              10             0.1            0.64         3.92371               1               0         10.3058        0.626224        0.525643
    262144          257637               2              10             0.1            0.66         4.24379               1               0         10.3896        0.787647        0.524986
    262144          257479               2              10             0.1            0.68          4.6217               1               0         10.4747        0.981648        0.520431
    262144          257262               2              10             0.1             0.7         4.91242               1               0         10.5694         1.17898        0.530052
    262144          257193               2              10             0.1            0.72          5.1965               1               0         10.6727         1.39474        0.537935
    262144          256794               2              10             0.1            0.74         5.46201               1               0         10.7869         1.62549        0.534797
    262144          256543               2              10             0.1            0.76         5.71591               1               0         10.8841         1.87253        0.535219
    262144          256434               2              10             0.1            0.78         5.91703               1               0         11.0054         2.12066        0.532884
    262144          256314               2              10             0.1             0.8         6.13088               1               0         11.1144         2.39104        0.529907
    262144          256075               2              10             0.1            0.82         6.23778               1               0         11.2548         2.63484        0.534664
    262144          255917               2              10             0.1            0.84         6.48025               1               0         11.3675          2.9524         0.52298
    262144          255628               2              10             0.1            0.86         6.66112               1               0         11.4943         3.26129        0.533606
    262144          255338               2              10             0.1            0.88         6.80452               1               0         11.6434         3.56829        0.535068
    262144          255211               2              10             0.1             0.9         6.89555               1               0         11.7904         3.86151         0.52629
    262144          254792               2              10             0.1            0.92         7.05596               1               0         11.9218         4.20817        0.540878
    262144          254462               2              10             0.1            0.94         7.21854               1               0         12.0513         4.57367        0.537524
    262144          254413               2              10             0.1            0.96         7.27915               1               0         12.2189         4.88867        0.531657
    262144          254070               2              10             0.1            0.98         7.39883               1               0         12.3441         5.25613        0.530497
    262144          253765               2              10             0.1               1         7.47185               1               0         12.5158         5.60389        0.539974
    262144          253677               2              10             0.1            1.02         7.58792               1               0         12.6553         5.99749        0.549115
    262144          253337               2              10             0.1            1.04         7.68208               1               0         12.8063         6.38841        0.540778
    262144          253152               2              10             0.1            1.06         7.80249               1               0         12.9355         6.81625        0.519442
    262144          253000               2              10             0.1            1.08          7.8835               1               0         13.1275         7.22444        0.518315
    262144          252491               2              10             0.1             1.1         7.93654               1               0         13.2676         7.61908        0.526065
    262144          252402               2              10             0.1            1.12         8.03825               1               0         13.4287         8.07361        0.519465
    262144          252130               2              10             0.1            1.14         8.04497               1               0         13.5892           8.444        0.530171
    262144          251903               2              10             0.1            1.16         8.18616               1               0         13.7588         8.96876        0.544708
    262144          251686               2              10             0.1            1.18         8.19517               1               0         13.9161         9.36216        0.546411
    262144          251352               2              10             0.1             1.2         8.28972               1               0          14.084         9.86477        0.561385
    262144          250944               2              10             0.1            1.22         8.34199               1               0          14.249         10.3307         0.55652
    262144          250699               2              10             0.1            1.24         8.37176               1               0         14.4173         10.7795        0.533042
    262144          250571               2              10             0.1            1.26         8.43726               1               0         14.5928         11.2857         0.52968
    262144          250155               2              10             0.1            1.28         8.47481               1               0         14.7599         11.7664        0.509935
    262144          249880               2              10             0.1             1.3         8.54046               1               0         14.9261         12.2983        0.509893
    262144          249507               2              10             0.1            1.32         8.63712               1               0         15.0779           12.89        0.508933
    262144          249400               2              10             0.1            1.34         8.58923               1               0          15.261         13.2755         0.50973
    262144          248924               2              10             0.1            1.36         8.62012               1               0         15.4255         13.7888        0.509432
    262144          248590               2              10             0.1            1.38         8.69698               1               0         15.6381         14.3883        0.510539
    262144          248530               2              10             0.1             1.4         8.74538               1               0         15.7857         14.9546        0.508979
    262144          248252               2              10             0.1            1.42         8.77906               1               0         15.9499         15.5073        0.509585
    262144          247864               2              10             0.1            1.44         8.84689               1               0         16.1079         16.1332        0.509263
    262144          247701               2              10             0.1            1.46         8.80539               1               0          16.312         16.5682        0.509709
    262144          247357               2              10             0.1            1.48         8.84859               1               0         16.4926         17.1698        0.509314
    262144          247013               2              10             0.1             1.5         8.96638               1               0          16.667         17.9328        0.508953
    262144          246840               2              10             0.1            1.52         8.96445               1               0         16.8398         18.4704        0.509498
    262144          246323               2              10             0.1            1.54         8.92268               1               0         17.0413         18.9304        0.509475
    262144          246003               2              10             0.1            1.56         8.99816               1               0         17.2289         19.6484         0.51007
    262144          245610               2              10             0.1            1.58         9.06614               1               0          17.351         20.3662         0.51073
    262144          245446               2              10             0.1             1.6         9.04644               1               0         17.5548         20.8973        0.510081
    262144          245188               2              10             0.1            1.62         9.05964               1               0         17.7225         21.5112        0.509983
    262144          244587               2              10             0.1            1.64         9.07581               1               0          17.954         22.1414         0.50922
    262144          244334               2              10             0.1            1.66         9.10699               1               0         18.0986         22.8185        0.509462
    262144          244043               2              10             0.1            1.68         9.16269               1               0         18.2535         23.5701        0.509436
    262144          243801               2              10             0.1             1.7         9.14274               1               0          18.476         24.1368         0.50923
    262144          243560               2              10             0.1            1.72         9.12843               1               0         18.6658         24.7234        0.509208
    262144          242924               2              10             0.1            1.74         9.16688               1               0         18.8262         25.4619        0.509378
    262144          242760               2              10             0.1            1.76           9.205               1               0           19.02         26.2122          0.5095
    262144          242397               2              10             0.1            1.78         9.26691               1               0         19.1735         27.0446        0.509123
    262144          241965               2              10             0.1             1.8         9.23529               1               0         19.4219         27.6135        0.509806
    262144          241812               2              10             0.1            1.82         9.31725               1               0         19.5644         28.5331        0.509485
    262144          241674               2              10             0.1            1.84          9.2981               1               0         19.7689         29.1551        0.509771
    262144          241164               2              10             0.1            1.86          9.2979               1               0           19.95         29.8426         0.51072
    262144          240981               2              10             0.1            1.88         9.29881               1               0         20.1398          30.541        0.509685
    262144          240775               2              10             0.1             1.9         9.35821               1               0          20.333         31.4436        0.509286
    262144          240402               2              10             0.1            1.92         9.39083               1               0         20.5146         32.2706        0.509603
    262144          239956               2              10             0.1            1.94         9.33802               1               0         20.7159         32.8101        0.509547
    262144          239354               2              10             0.1            1.96         9.31623               1               0         20.8918         33.4602        0.509733
    262144          239177               2              10             0.1            1.98         9.43483               1               0         21.0836         34.6296        0.509301
    262144          238737               2              10             0.1               2         9.42525               1               0         21.2261         35.3447        0.516248
    262144          238279               2              10             0.1            2.02         9.44157               1               0         21.4403          36.165        0.509469
    262144          237987               2              10             0.1            2.04         9.41067               1               0         21.6126         36.8108        0.509696
    262144          237674               2              10             0.1            2.06          9.4942               1               0         21.7991          37.916        0.509875
    262144          237555               2              10             0.1            2.08         9.49244               1               0         21.9795          38.695        0.509777
