 MC-cycles  Accepted_Steps      Dimensions       Particles      Steplength           alpha          dalpha            beta           dbeta          Energy        Variance            Time
    262144          261895               2               1             0.1             0.1        -23.6601               1               0         2.60048         5.67842       0.0609239
    262144          261814               2               1             0.1            0.12        -16.2957               1               0         2.19697         3.83928       0.0622378
    262144          261732               2               1             0.1            0.14        -11.3777               1               0         1.90348         2.62142       0.0620911
    262144          261601               2               1             0.1            0.16         -8.4805               1               0         1.70373         1.90302       0.0620733
    262144          261513               2               1             0.1            0.18        -6.25147               1               0         1.53815         1.36032       0.0617889
    262144          261356               2               1             0.1             0.2        -5.32645               1               0         1.43563         1.11855       0.0613788
    262144          261319               2               1             0.1            0.22        -4.07109               1               0         1.34227        0.820732       0.0601622
    262144          261191               2               1             0.1            0.24        -3.33755               1               0          1.2817        0.642145       0.0634976
    262144          261072               2               1             0.1            0.26        -2.73428               1               0         1.22431        0.498732       0.0618684
    262144          260939               2               1             0.1            0.28        -2.22081               1               0         1.17836        0.381091       0.0694778
    262144          260856               2               1             0.1             0.3        -1.79192               1               0         1.13912        0.286708        0.061966
    262144          260638               2               1             0.1            0.32        -1.43814               1               0          1.0992         0.21227       0.0623971
    262144          260478               2               1             0.1            0.34        -1.15379               1               0         1.07499        0.155069       0.0622626
    262144          260340               2               1             0.1            0.36        -0.93321               1               0         1.05154        0.112359       0.0622354
    262144          260181               2               1             0.1            0.38       -0.730477               1               0          1.0367       0.0771384       0.0622117
    262144          259964               2               1             0.1             0.4       -0.548692               1               0         1.02346       0.0493823       0.0622304
    262144          259871               2               1             0.1            0.42       -0.409558               1               0         1.01413       0.0301435       0.0623456
    262144          259683               2               1             0.1            0.44       -0.291544               1               0         1.00757       0.0164431       0.0654514
    262144          259588               2               1             0.1            0.46       -0.179065               1               0          1.0034      0.00687608       0.0622874
    262144          259442               2               1             0.1            0.48      -0.0839678               1               0         1.00078      0.00164577       0.0623068
    262144          259264               2               1             0.1             0.5     4.44089e-16               1               0               1               0       0.0620163
    262144          259079               2               1             0.1            0.52       0.0762766               1               0         1.00086      0.00155604       0.0622724
    262144          258786               2               1             0.1            0.54        0.143276               1               0         1.00311       0.0059603       0.0621837
    262144          258737               2               1             0.1            0.56        0.203511               1               0         1.00668       0.0129433       0.0621374
    262144          258526               2               1             0.1            0.58        0.257068               1               0         1.01166       0.0222107       0.0621918
    262144          258230               2               1             0.1             0.6        0.309092               1               0         1.01559       0.0340001       0.0621125
    262144          258040               2               1             0.1            0.62        0.346586               1               0         1.02479       0.0465812       0.0622511
    262144          257834               2               1             0.1            0.64        0.384988               1               0         1.03243       0.0614441       0.0627928
    262144          257783               2               1             0.1            0.66         0.43298               1               0         1.03749       0.0803611       0.0621072
    262144          257408               2               1             0.1            0.68        0.463405               1               0         1.04722       0.0984271       0.0621997
    262144          257337               2               1             0.1             0.7         0.48602               1               0         1.05837        0.116645       0.0619779
    262144          257137               2               1             0.1            0.72        0.511849               1               0         1.06808         0.13738       0.0618753
    262144          256862               2               1             0.1            0.74        0.536815               1               0         1.07924        0.159756       0.0616479
    262144          256795               2               1             0.1            0.76        0.568142               1               0         1.08987        0.186123       0.0601929
    262144          256320               2               1             0.1            0.78        0.596241               1               0         1.09552        0.213693       0.0595562
    262144          256129               2               1             0.1             0.8        0.608495               1               0         1.11331        0.237313       0.0602302
    262144          255968               2               1             0.1            0.82        0.631023               1               0         1.12368        0.266544       0.0596428
    262144          255809               2               1             0.1            0.84        0.644048               1               0         1.13737        0.293428       0.0602512
    262144          255491               2               1             0.1            0.86        0.664802               1               0         1.14849        0.325487       0.0601099
    262144          255243               2               1             0.1            0.88        0.670584               1               0         1.16532        0.351655       0.0599159
    262144          255086               2               1             0.1             0.9        0.695582               1               0         1.17745        0.389526       0.0596582
    262144          254799               2               1             0.1            0.92         0.71595               1               0         1.18775        0.426993       0.0596686
    262144          254495               2               1             0.1            0.94        0.730963               1               0         1.20267        0.463138       0.0598366
    262144          254260               2               1             0.1            0.96        0.726018               1               0         1.22067        0.487594        0.059823
    262144          254149               2               1             0.1            0.98        0.735688               1               0         1.23677        0.522633       0.0596681
    262144          253663               2               1             0.1               1         0.75787               1               0         1.25108        0.568402       0.0598691
    262144          253718               2               1             0.1            1.02        0.760289               1               0         1.26758        0.600932       0.0595707
    262144          253509               2               1             0.1            1.04        0.775589               1               0          1.2774         0.64498       0.0603743
    262144          253270               2               1             0.1            1.06        0.775674               1               0         1.29736        0.677629       0.0596503
    262144          252854               2               1             0.1            1.08        0.783088               1               0         1.31232        0.717622       0.0598286
    262144          252582               2               1             0.1             1.1        0.798191               1               0         1.32445        0.766263       0.0596279
    262144          252353               2               1             0.1            1.12        0.815148               1               0          1.3377        0.818734       0.0597488
    262144          252176               2               1             0.1            1.14        0.806494               1               0         1.35983        0.846496       0.0598245
    262144          251701               2               1             0.1            1.16        0.811429               1               0         1.37601        0.889002       0.0598001
    262144          251603               2               1             0.1            1.18        0.817286               1               0         1.39544        0.933668       0.0598314
    262144          251130               2               1             0.1             1.2        0.832235               1               0         1.40766         0.99036       0.0598357
    262144          251038               2               1             0.1            1.22          0.8404               1               0         1.42056         1.04075        0.059772
    262144          250593               2               1             0.1            1.24        0.843668               1               0         1.43917         1.08631       0.0602803
    262144          250430               2               1             0.1            1.26        0.829788               1               0         1.46083         1.10992       0.0596228
    262144          249908               2               1             0.1            1.28        0.847784               1               0         1.47753         1.17706       0.0599341
    262144          249988               2               1             0.1             1.3         0.85139               1               0         1.49159           1.226       0.0596779
    262144          249614               2               1             0.1            1.32        0.856733               1               0         1.50921         1.27859       0.0599043
    262144          249274               2               1             0.1            1.34        0.837776               1               0         1.53856         1.29487       0.0596378
    262144          249012               2               1             0.1            1.36        0.869864               1               0         1.54486         1.39143       0.0598353
    262144          248654               2               1             0.1            1.38        0.860376               1               0         1.56144         1.42341       0.0598616
    262144          248485               2               1             0.1             1.4        0.872043               1               0         1.58035         1.49119       0.0600092
    262144          248017               2               1             0.1            1.42        0.876603               1               0         1.59806         1.54843       0.0595804
    262144          247760               2               1             0.1            1.44        0.885324               1               0         1.61075         1.61448       0.0602834
    262144          247420               2               1             0.1            1.46        0.883727               1               0         1.63188         1.66282       0.0597452
    262144          247292               2               1             0.1            1.48        0.877362               1               0         1.64742         1.70243       0.0599894
    262144          246967               2               1             0.1             1.5        0.905136               1               0         1.66468         1.81027       0.0595971
    262144          246652               2               1             0.1            1.52        0.887415               1               0         1.69002         1.82843       0.0599501
    262144          246355               2               1             0.1            1.54        0.889034               1               0         1.70424         1.88617       0.0597873
    262144          245947               2               1             0.1            1.56        0.902693               1               0         1.71973         1.97112       0.0597461
    262144          245481               2               1             0.1            1.58        0.903862               1               0         1.73408         2.03044       0.0596624
    262144          245395               2               1             0.1             1.6        0.903996               1               0         1.75384         2.08823       0.0597018
    262144          245029               2               1             0.1            1.62        0.894139               1               0         1.77532         2.12304       0.0596849
    262144          244697               2               1             0.1            1.64        0.906168               1               0         1.79064         2.21069       0.0603748
    262144          244402               2               1             0.1            1.66        0.904524               1               0         1.81085         2.26638        0.065043
    262144          244032               2               1             0.1            1.68        0.912918               1               0         1.82615         2.34839       0.0613016
    262144          243868               2               1             0.1             1.7        0.908035               1               0         1.85077         2.39721       0.0622736
    262144          243374               2               1             0.1            1.72         0.92026               1               0         1.86141         2.49243       0.0623845
    262144          243404               2               1             0.1            1.74        0.921496               1               0         1.88738         2.55955       0.0623844
    262144          242855               2               1             0.1            1.76         0.92403               1               0         1.89743         2.63127       0.0619376
    262144          242658               2               1             0.1            1.78        0.910883               1               0         1.92057         2.65832       0.0605044
    262144          242237               2               1             0.1             1.8        0.940501               1               0         1.92388          2.8121       0.0616147
    262144          241827               2               1             0.1            1.82        0.915506               1               0         1.96248         2.80365       0.0624479
    262144          241764               2               1             0.1            1.84        0.921951               1               0         1.97572         2.89087       0.0703437
    262144          241019               2               1             0.1            1.86         0.92677               1               0          1.9978         2.97456       0.0635848
    262144          240814               2               1             0.1            1.88        0.924545               1               0         2.01848         3.03658       0.0625865
    262144          240402               2               1             0.1             1.9        0.927223               1               0         2.02758         3.11547       0.0619464
    262144          240557               2               1             0.1            1.92        0.930197               1               0         2.04687         3.19653       0.0622332
    262144          239707               2               1             0.1            1.94         0.93943               1               0         2.06088         3.30078       0.0622039
    262144          239667               2               1             0.1            1.96        0.940102               1               0         2.08148         3.37647       0.0618088
    262144          238920               2               1             0.1            1.98        0.940428               1               0         2.10397         3.45175       0.0650849
    262144          238593               2               1             0.1               2        0.926027               1               0          2.1313          3.4726       0.0649179
    262144          238489               2               1             0.1            2.02        0.950259               1               0         2.13208         3.63987         0.06384
    262144          238157               2               1             0.1            2.04         0.94307               1               0         2.15783         3.68891       0.0686179
    262144          237816               2               1             0.1            2.06        0.932962               1               0         2.18996         3.72588       0.0629291
    262144          237490               2               1             0.1            2.08        0.925124               1               0         2.20852         3.77117       0.0619439
