 MC-cycles  Accepted_Steps      Dimensions       Particles      Steplength           alpha          dalpha            beta           dbeta          Energy        Variance            Time
    262144          259576               2             100             0.1             0.1        -2452.12               1               0         263.905         588.508         1.97987
    262144          259420               2             100             0.1            0.12        -1504.09               1               0         222.584         354.365         2.00758
    262144          259178               2             100             0.1            0.14        -1101.33               1               0         196.567         253.747         2.07817
    262144          258603               2             100             0.1            0.16        -989.667               1               0         175.006         222.081         2.12105
    262144          258579               2             100             0.1            0.18        -889.617               1               0         157.936         193.581         2.00936
    262144          258366               2             100             0.1             0.2        -651.826               1               0         144.804         136.884         2.20784
    262144          258408               2             100             0.1            0.22        -570.492               1               0          136.16         115.011         2.13261
    262144          258497               2             100             0.1            0.24        -483.589               1               0         129.013         93.0426         2.20602
    262144          258024               2             100             0.1            0.26        -507.364               1               0         123.768         92.5432         2.03308
    262144          257939               2             100             0.1            0.28         -442.76               1               0         117.538         75.9776         1.98694
    262144          258133               2             100             0.1             0.3        -343.706               1               0         113.316          54.993         2.00698
    262144          257552               2             100             0.1            0.32        -290.273               1               0         111.265         42.8443         2.03711
    262144          257153               2             100             0.1            0.34        -295.136               1               0         108.021         39.6662         2.06053
    262144          257105               2             100             0.1            0.36        -229.158               1               0         106.109         27.5906         1.98447
    262144          256898               2             100             0.1            0.38        -167.151               1               0         103.943         17.6512         2.09954
    262144          256638               2             100             0.1             0.4        -133.477               1               0         102.457         12.0129         2.02096
    262144          256959               2             100             0.1            0.42        -118.203               1               0         101.625         8.69976         2.16201
    262144          256574               2             100             0.1            0.44        -91.7568               1               0         100.981         5.17508         2.06257
    262144          256469               2             100             0.1            0.46        -60.7823               1               0          100.48         2.33404         2.02755
    262144          256370               2             100             0.1            0.48        -28.7572               1               0         100.131        0.563642         2.05203
    262144          256675               2             100             0.1             0.5    -2.00089e-10               1               0             100               0         2.00847
    262144          256715               2             100             0.1            0.52         23.8905               1               0         100.067        0.487367         2.01614
    262144          256113               2             100             0.1            0.54         49.5912               1               0         100.164         2.06299         1.99471
    262144          256370               2             100             0.1            0.56         77.9412               1               0         100.442         4.95706         2.02432
    262144          255982               2             100             0.1            0.58         102.043               1               0         100.902         8.81651         2.02052
    262144          255849               2             100             0.1             0.6         135.755               1               0         101.323         14.9331         1.99059
    262144          255934               2             100             0.1            0.62         157.932               1               0         102.061          21.226          2.0498
    262144          255556               2             100             0.1            0.64         173.657               1               0         102.633         27.7156         2.02391
    262144          255593               2             100             0.1            0.66          197.62               1               0         103.806         36.6782         2.00564
    262144          255342               2             100             0.1            0.68         207.028               1               0          104.45         43.9727         1.99867
    262144          255607               2             100             0.1             0.7         239.008               1               0         105.643         57.3619         1.96072
    262144          255239               2             100             0.1            0.72         252.484               1               0         106.228         67.7666         2.04274
    262144          255186               2             100             0.1            0.74         276.994               1               0         107.033         82.4336         2.03576
    262144          254973               2             100             0.1            0.76         274.444               1               0         108.382         89.9077         1.98208
    262144          255159               2             100             0.1            0.78         349.881               1               0         109.895         125.397         1.99008
    262144          255096               2             100             0.1             0.8         345.619               1               0         110.263         134.791         2.00243
    262144          254972               2             100             0.1            0.82          407.41               1               0         111.103          172.09         1.95572
    262144          254725               2             100             0.1            0.84         424.359               1               0         112.837         193.338         1.96703
    262144          254661               2             100             0.1            0.86         440.353               1               0         114.173         215.597         1.95456
    262144          254384               2             100             0.1            0.88         423.228               1               0         115.488         221.941         2.01816
    262144          254520               2             100             0.1             0.9         474.668               1               0         117.375         265.814         2.02741
    262144          254650               2             100             0.1            0.92         469.289               1               0         118.683         279.884         2.03373
    262144          254635               2             100             0.1            0.94         507.096               1               0         119.973         321.296         2.02655
    262144          254242               2             100             0.1            0.96         482.225               1               0         120.888         323.862          2.1172
    262144          253953               2             100             0.1            0.98         512.783               1               0         122.417         364.281         1.97902
    262144          253593               2             100             0.1               1         571.772               1               0          124.19         428.829          1.9756
    262144          253984               2             100             0.1            1.02         576.119               1               0         125.632         455.364         1.95173
    262144          253938               2             100             0.1            1.04         629.068               1               0         126.758         523.133         1.98157
    262144          254308               2             100             0.1            1.06         640.824               1               0         129.035         559.824         1.98292
    262144          254028               2             100             0.1            1.08         703.434               1               0         129.635         644.627         1.98756
    262144          253929               2             100             0.1             1.1         691.004               1               0         131.608         663.364         2.00072
    262144          253510               2             100             0.1            1.12         768.129               1               0         132.706         771.509         2.02657
    262144          253699               2             100             0.1            1.14          746.79               1               0         135.185         783.831         2.07274
    262144          253820               2             100             0.1            1.16         726.439               1               0         137.027         795.886         2.02184
    262144          253349               2             100             0.1            1.18         738.627               1               0         137.201         843.808         1.96155
    262144          253203               2             100             0.1             1.2         792.484               1               0         138.844         943.056         1.95131
    262144          253104               2             100             0.1            1.22         833.881               1               0         141.549         1032.68         1.95157
    262144          253249               2             100             0.1            1.24         772.133               1               0         142.892         994.198         1.98915
    262144          252745               2             100             0.1            1.26         838.283               1               0         144.478         1121.29         2.01436
    262144          253190               2             100             0.1            1.28         859.613               1               0         145.315         1193.49         1.99571
    262144          252621               2             100             0.1             1.3         878.194               1               0          147.59          1264.6         2.07682
    262144          252933               2             100             0.1            1.32         874.523               1               0         149.956         1305.14         1.99122
    262144          252687               2             100             0.1            1.34         889.734               1               0         150.946         1375.17         2.08302
    262144          252848               2             100             0.1            1.36          940.27               1               0         152.278         1504.06         2.01542
    262144          252326               2             100             0.1            1.38          1001.5               1               0         154.314         1656.88          1.9771
    262144          252789               2             100             0.1             1.4         933.649               1               0         156.191         1596.54         2.02464
    262144          252427               2             100             0.1            1.42         966.829               1               0         158.604         1707.81          2.0185
    262144          252273               2             100             0.1            1.44         1003.76               1               0         159.899         1830.45         1.95943
    262144          252498               2             100             0.1            1.46         1046.03               1               0         161.021          1968.2         2.00425
    262144          252615               2             100             0.1            1.48         1030.16               1               0         162.699         1998.92         1.97197
    262144          252359               2             100             0.1             1.5         1116.63               1               0         164.398         2233.26         2.01093
    262144          252674               2             100             0.1            1.52         1124.72               1               0         166.381         2317.38         2.02453
    262144          252335               2             100             0.1            1.54         1160.69               1               0         168.425         2462.52         2.03859
    262144          252318               2             100             0.1            1.56         1088.63               1               0         170.447         2377.14         2.02129
    262144          252256               2             100             0.1            1.58         1176.22               1               0         172.067         2642.27         1.95501
    262144          252232               2             100             0.1             1.6          1212.3               1               0         173.973         2800.42         2.00902
    262144          251778               2             100             0.1            1.62         1195.15               1               0         175.521         2837.77         1.97399
    262144          251454               2             100             0.1            1.64         1190.36               1               0          177.72            2904          1.9924
    262144          251682               2             100             0.1            1.66         1257.76               1               0          177.66         3151.45         2.03007
    262144          252123               2             100             0.1            1.68         1299.08               1               0         181.731         3341.76         1.97519
    262144          251778               2             100             0.1             1.7          1430.1               1               0         180.951         3775.46         1.94676
    262144          251696               2             100             0.1            1.72         1343.08               1               0          183.35          3637.6         1.94482
    262144          251640               2             100             0.1            1.74         1312.67               1               0         185.454         3646.08         1.94506
    262144          251277               2             100             0.1            1.76         1437.55               1               0         187.108         4093.55         1.94333
    262144          251580               2             100             0.1            1.78         1412.84               1               0         188.042         4123.24          1.9436
    262144          251212               2             100             0.1             1.8         1356.28               1               0         192.366         4055.29         1.95418
    262144          251342               2             100             0.1            1.82         1453.33               1               0         192.582         4450.69         2.04011
    262144          251399               2             100             0.1            1.84         1449.84               1               0         195.347         4546.11         1.95873
    262144          251406               2             100             0.1            1.86          1532.1               1               0         195.803         4917.42         1.95344
    262144          251270               2             100             0.1            1.88         1668.67               1               0         198.644         5480.59         1.94822
    262144          250950               2             100             0.1             1.9         1466.98               1               0         201.349         4929.05         1.94705
    262144          250932               2             100             0.1            1.92         1507.58               1               0         202.139         5180.66         1.95353
    262144          250951               2             100             0.1            1.94         1519.76               1               0         204.277         5339.83         1.94701
    262144          251211               2             100             0.1            1.96         1508.09               1               0          206.24         5416.47         1.94672
    262144          250895               2             100             0.1            1.98         1735.75               1               0         208.006         6370.88         1.95498
    262144          250501               2             100             0.1               2         1748.69               1               0         209.035         6557.58         1.94536
    262144          250593               2             100             0.1            2.02         1638.25               1               0         210.973         6275.17         1.95424
    262144          250555               2             100             0.1            2.04         1691.94               1               0         213.201         6618.21         1.94717
    262144          250392               2             100             0.1            2.06          1699.5               1               0         214.972         6787.14         1.94653
    262144          250392               2             100             0.1            2.08         1757.65               1               0         216.175         7164.89         1.95357
