 MC-cycles  Accepted_Steps      Dimensions       Particles      Steplength           alpha          dalpha            beta           dbeta          Energy        Variance            Time
    262144          261831               3             500             0.1             0.1        -17625.3               1        -578.803         1949.71         4230.08         31.8534
    262144          261686               3             500             0.1            0.12        -12177.1               1        -478.468          1652.4         2868.93         31.6917
    262144          261568               3             500             0.1            0.14        -8952.03               1        -426.384         1444.54         2062.55         31.9975
    262144          261479               3             500             0.1            0.16         -6533.8               1        -356.283         1291.76         1466.18         31.9646
    262144          261336               3             500             0.1            0.18        -5115.26               1        -307.979          1177.1         1113.08         31.5115
    262144          261227               3             500             0.1             0.2         -4017.4               1        -267.384         1087.42         843.655         31.1887
    262144          261073               3             500             0.1            0.22        -3169.95               1        -233.855         1017.41         639.061         31.9281
    262144          260917               3             500             0.1            0.24        -2553.14               1        -204.258         961.082         491.224         31.8386
    262144          260778               3             500             0.1            0.26        -2074.94               1        -181.432         916.394         378.469         31.8877
    262144          260611               3             500             0.1            0.28        -1689.51               1        -156.557         879.782          289.92         31.6453
    262144          260337               3             500             0.1             0.3        -1357.99               1         -135.58         849.905         217.279         31.7289
    262144          260260               3             500             0.1            0.32        -1137.66               1        -121.408         826.082         167.919         31.9414
    262144          260091               3             500             0.1            0.34        -905.127               1        -103.041         806.394         121.649         31.8586
    262144          259871               3             500             0.1            0.36        -730.184               1        -86.9807         790.848         87.9142         32.1952
    262144          259611               3             500             0.1            0.38        -589.097               1        -74.7919         778.472         62.2087         31.9638
    262144          259476               3             500             0.1             0.4        -450.614               1        -60.4393         768.691         40.5552         31.9904
    262144          259286               3             500             0.1            0.42        -332.412               1        -46.2121         761.455         24.4655         31.9779
    262144          259023               3             500             0.1            0.44        -232.548               1        -34.0181         756.115         13.1157         31.9957
    262144          258870               3             500             0.1            0.46        -144.898               1        -22.1346         752.624         5.56408         31.7861
    262144          258564               3             500             0.1            0.48        -67.9607               1        -10.9023         750.627         1.33203         31.9844
    262144          258376               3             500             0.1             0.5    -2.56114e-08               1     6.17001e-09             750               0         31.7583
    262144          258194               3             500             0.1            0.52         61.3773               1         10.7428         750.579          1.2521         32.1718
    262144          257943               3             500             0.1            0.54         117.716               1         21.2067         752.222         4.89699         31.3171
    262144          257813               3             500             0.1            0.56         165.297               1         30.9489         754.825         10.5129         31.2474
    262144          257406               3             500             0.1            0.58         208.178               1         40.3031         758.258         17.9866         31.2452
    262144          257247               3             500             0.1             0.6         249.735               1         50.2242         762.467         27.4708         31.2462
    262144          256988               3             500             0.1            0.62         285.449               1         58.5933          767.41         38.3644         31.4761
    262144          256741               3             500             0.1            0.64         324.757               1          68.669          772.96         51.8312          31.362
    262144          256424               3             500             0.1            0.66          355.92               1         78.9397         779.123         66.0587         31.3511
    262144          256295               3             500             0.1            0.68         381.792               1         86.1648         785.768         81.0927         31.9874
    262144          256004               3             500             0.1             0.7         407.529               1         94.8244          792.85         97.8071         31.2981
    262144          255584               3             500             0.1            0.72         432.045               1         104.356         800.398         115.961         31.3977
    262144          255511               3             500             0.1            0.74         457.666               1         112.514         808.361         136.201         31.3102
    262144          255220               3             500             0.1            0.76         468.148               1         119.145         816.697         153.365          31.277
    262144          254837               3             500             0.1            0.78          495.27               1         128.962         825.454         177.505         31.2615
    262144          254637               3             500             0.1             0.8         524.567               1         140.628         834.396         204.581         31.6742
    262144          254401               3             500             0.1            0.82         539.386               1         147.946         843.708         227.837         31.7254
    262144          254018               3             500             0.1            0.84         547.034               1         152.626         853.119         249.228         31.3319
    262144          253752               3             500             0.1            0.86         561.799               1         162.188         863.107         275.057         31.4843
    262144          253322               3             500             0.1            0.88         580.622               1         170.249         872.972         304.478         32.3158
    262144          253191               3             500             0.1             0.9         582.715               1          173.72         883.341          326.32         32.1698
    262144          252736               3             500             0.1            0.92         603.868               1         184.573         893.634         360.147          31.957
    262144          252477               3             500             0.1            0.94         616.139               1         193.065         904.417         390.386         31.7941
    262144          252073               3             500             0.1            0.96         631.757               1         201.505         915.249         424.288         31.4462
    262144          251914               3             500             0.1            0.98         635.178               1         206.861         926.275          451.23         31.5649
    262144          251580               3             500             0.1               1         649.362               1         216.388         937.628         487.022         31.7643
    262144          251163               3             500             0.1            1.02         656.871               1         223.258         948.569         519.191         31.9659
    262144          250910               3             500             0.1            1.04         662.927               1         228.686         960.312          551.29         31.9116
    262144          250718               3             500             0.1            1.06         670.331               1         236.731         971.894         585.601         32.1858
    262144          250346               3             500             0.1            1.08         677.106               1         244.916          983.52           620.5         32.0143
    262144          249793               3             500             0.1             1.1         689.765               1         252.401         995.625         662.174         32.0186
    262144          249600               3             500             0.1            1.12         695.338               1         260.493         1007.37         698.397         31.9921
    262144          249361               3             500             0.1            1.14           703.7               1         269.024          1019.4         738.603         31.9232
    262144          248899               3             500             0.1            1.16         710.127               1         272.691         1031.48         778.015         32.0601
    262144          248383               3             500             0.1            1.18         708.274               1         275.992         1044.02         809.132          32.205
    262144          248203               3             500             0.1             1.2         731.158               1         292.609         1056.11         870.078         32.1431
    262144          247909               3             500             0.1            1.22         728.466               1         296.702         1068.55         902.132         31.9395
    262144          247516               3             500             0.1            1.24         733.979               1         304.405         1081.28         945.072           31.38
    262144          247258               3             500             0.1            1.26         730.824               1         306.277         1094.01         977.551         31.9177
    262144          246941               3             500             0.1            1.28         742.223               1         316.924         1106.49          1030.5         31.4876
    262144          246661               3             500             0.1             1.3         746.948               1         321.275         1119.25         1075.61         31.9129
    262144          246373               3             500             0.1            1.32         751.941               1         331.229         1132.06          1122.2         32.1852
    262144          245825               3             500             0.1            1.34         761.291               1         341.789         1144.67         1176.65         32.1603
    262144          245399               3             500             0.1            1.36         768.198               1         347.176          1157.9         1228.81         31.9812
    262144          245356               3             500             0.1            1.38         758.888               1         349.985         1170.88          1255.5         31.8864
    262144          244871               3             500             0.1             1.4         761.898               1         351.526         1183.61         1302.85         31.8583
    262144          244390               3             500             0.1            1.42         768.851               1         365.794         1197.13          1358.1          31.732
    262144          243785               3             500             0.1            1.44         773.919               1         370.331         1210.16         1411.32         31.2608
    262144          243501               3             500             0.1            1.46         773.297               1         375.907         1223.38         1455.03         31.8547
    262144          243289               3             500             0.1            1.48         774.358               1         382.845         1236.68         1502.56         32.3534
    262144          242665               3             500             0.1             1.5         776.636               1         388.652         1250.03         1553.27         32.1624
    262144          242538               3             500             0.1            1.52         781.531               1         394.629         1263.33         1610.27         31.7902
    262144          241786               3             500             0.1            1.54         783.947               1         399.932         1276.68         1663.22         31.8462
    262144          241780               3             500             0.1            1.56         795.895               1         414.808         1290.09         1737.92         31.8846
    262144          241304               3             500             0.1            1.58         788.824               1         414.992         1303.43         1772.01         31.9544
    262144          240991               3             500             0.1             1.6         786.672               1         420.782         1316.91         1817.21         31.9186
    262144          240505               3             500             0.1            1.62         785.858               1         424.553         1330.72         1865.94          31.948
    262144          240071               3             500             0.1            1.64         794.232               1         433.299         1344.27         1937.61         32.0428
    262144          239482               3             500             0.1            1.66         794.227               1         440.134         1357.85         1990.02          31.987
    262144          239110               3             500             0.1            1.68         804.514               1         452.352         1371.44         2069.53         32.0235
    262144          238800               3             500             0.1             1.7         795.943               1         453.599         1385.06         2101.29         31.9798
    262144          238321               3             500             0.1            1.72         802.173               1         464.129         1399.02          2172.6         32.3314
    262144          237917               3             500             0.1            1.74         801.537               1         463.505         1412.77         2226.35         32.0474
    262144          237579               3             500             0.1            1.76          800.55               1         465.732         1426.47         2279.65         32.5233
    262144          237069               3             500             0.1            1.78         798.578               1         472.644         1440.38         2330.57         32.3759
    262144          236935               3             500             0.1             1.8         801.899               1         483.129         1454.05         2397.68          31.978
    262144          236548               3             500             0.1            1.82         812.113               1         495.815         1467.96         2487.01         31.5606
    262144          235757               3             500             0.1            1.84         801.348               1         493.393         1481.83         2512.71         32.3476
    262144          235443               3             500             0.1            1.86         813.592               1         507.682         1495.78          2611.3         31.5139
    262144          234923               3             500             0.1            1.88         811.162               1         511.925         1509.76         2664.18         31.8539
    262144          234531               3             500             0.1             1.9         800.204               1         504.599         1523.61         2688.69         32.9068
    262144          234129               3             500             0.1            1.92         803.549               1         515.402         1537.49         2761.32         32.4537
    262144          233720               3             500             0.1            1.94         802.834               1         517.935         1551.61         2820.84         31.4093
    262144          233429               3             500             0.1            1.96         794.845               1         520.846         1565.84         2854.76         31.0886
    262144          233133               3             500             0.1            1.98         806.569               1         534.044          1579.4         2960.43         31.0631
    262144          232427               3             500             0.1               2         801.991               1         540.245         1593.79         3007.47         31.0711
    262144          232146               3             500             0.1            2.02          818.85               1         550.045          1607.7         3136.52         31.9944
    262144          231700               3             500             0.1            2.04         806.553               1         542.724         1621.65         3154.91         31.7202
    262144          231221               3             500             0.1            2.06         801.148               1         553.779         1635.96         3199.47         31.5779
    262144          230570               3             500             0.1            2.08         809.334               1         564.954         1649.68         3299.17         31.2317
