 1042839
 7433
 35500
 399875
 3006819
 1638092
 710100
 942295
 1310245
 1639304
 2039259
 2487848
 2919347
 3379422
 3931088
 4470323
 5011981
 5507714
 6138403
 6754485
 7299256
 7854240
 8457995
 9011589
 9598109
 10174394
 10698631
 11235577
 11800304
 12297367
 12785944
 13225650
 13630852
 14053322
 14406226
 14741281
 14963004
 15218158
 15483825
 15643967
 15772150
 15969856
 16019912
 16067978
 16036585
 16120232
 16025308
 15901938
 15766879
 15668113
 15447440
 15230324
 15040262
 14760211
 14433605
 14127527
 13887038
 13537328
 13237744
 12852258
 12448328
 12086285
 11696261
 11258198
 10842663
 10474438
 10009918
 9652054
 9204424
 8806623
 8388008
 8008976
 7583923
 7155581
 6831985
 6455812
 6113059
 5715967
 5389918
 5037985
 4707521
 4441739
 4158140
 3866021
 3591029
 3329245
 3078735
 2856523
 2636725
 2418453
 2242610
 2046795
 1893781
 1733232
 1577615
 1433862
 1313563
 1195619
 1086012
 1007211
 8842604
