 1118
 24577
 91359
 208278
 359995
 567433
 811997
 1096898
 1398733
 1761820
 2162721
 2619200
 3079940
 3552179
 4080645
 4618036
 5131368
 5759108
 6322429
 6893358
 7461614
 8165545
 8770471
 9359333
 9949880
 10444367
 11001927
 11621417
 12142557
 12600208
 13080184
 13528509
 13949986
 14364540
 14698407
 15026359
 15330833
 15563163
 15802503
 15932882
 16120976
 16153257
 16233262
 16323245
 16277267
 16239447
 16218427
 16151021
 16069230
 15856390
 15772002
 15461532
 15164938
 14951857
 14609888
 14232258
 13961397
 13567303
 13157365
 12837871
 12368915
 11978053
 11531422
 11090487
 10723081
 10255678
 9811978
 9414058
 8975636
 8556616
 8146858
 7737966
 7308881
 6979385
 6548610
 6187955
 5820899
 5479728
 5132974
 4833730
 4533387
 4218497
 3940531
 3685651
 3420182
 3143111
 2927082
 2702130
 2463376
 2287076
 2099431
 1937402
 1783859
 1643773
 1501396
 1377947
 1252624
 1160215
 1055740
 938172
 8822890
